# oST version 5.0 parameters


[image]

width
1280

height
720

[narrow_stereo/left]

camera matrix
785.423833 0.000000 628.411339
0.000000 785.961522 343.566180
0.000000 0.000000 1.000000

distortion
-0.419330 0.149566 0.000193 -0.002358 0.000000

rectification
0.999036 0.003688 0.043732
-0.003529 0.999987 -0.003712
-0.043745 0.003555 0.999036

projection
728.687911 0.000000 596.474262 0.000000
0.000000 728.687911 346.891407 0.000000
0.000000 0.000000 1.000000 0.000000

# oST version 5.0 parameters


[image]

width
1280

height
720

[narrow_stereo/right]

camera matrix
782.895565 0.000000 639.205819
0.000000 782.486035 342.126148
0.000000 0.000000 1.000000

distortion
-0.419315 0.152681 0.000802 0.000555 0.000000

rectification
0.999741 0.004394 0.022323
-0.004475 0.999984 0.003585
-0.022307 -0.003684 0.999744

projection
728.687911 0.000000 596.474262 -44.672313
0.000000 728.687911 346.891407 0.000000
0.000000 0.000000 1.000000 0.000000

