image_width: 1280
image_height: 720
camera_name: narrow_stereo/right
camera_matrix:
  rows: 3
  cols: 3
  data: [782.895565, 0.000000, 639.205819, 0.000000, 782.486035, 342.126148, 0.000000, 0.000000, 1.000000]
distortion_model: plumb_bob
distortion_coefficients:
  rows: 1
  cols: 5
  data: [-0.419315, 0.152681, 0.000802, 0.000555, 0.000000]
rectification_matrix:
  rows: 3
  cols: 3
  data: [0.999741, 0.004394, 0.022323, -0.004475, 0.999984, 0.003585, -0.022307, -0.003684, 0.999744]
projection_matrix:
  rows: 3
  cols: 4
  data: [728.687911, 0.000000, 596.474262, -44.672313, 0.000000, 728.687911, 346.891407, 0.000000, 0.000000, 0.000000, 1.000000, 0.000000]
