image_width: 352
image_height: 288
camera_name: elp_right
camera_matrix:
  rows: 3
  cols: 3
  data: [293.2098362564285, 0, 182.2193190707744, 0, 291.3812612099849, 133.4135834940806, 0, 0, 1]
distortion_model: plumb_bob
distortion_coefficients:
  rows: 1
  cols: 5
  data: [-0.449837303061749, 0.1812609152021763, 0.006470945658005166, 0.0001909377338043777, 0]
rectification_matrix:
  rows: 3
  cols: 3
  data: [0.9996951409009546, 0.02230322424142512, 0.01059204642443505, -0.02235135679443446, 0.9997402833395065, 0.004447776713292683, -0.01049009573209755, -0.004683167376906877, 0.9999340107401344]
projection_matrix:
  rows: 3
  cols: 4
  data: [267.3865652095016, 0, 174.4202194213867, -16.63046540646675, 0, 267.3865652095016, 137.1403217315674, 0, 0, 0, 1, 0]