image_width: 352
image_height: 288
camera_name: elp_left
camera_matrix:
  rows: 3
  cols: 3
  data: [293.8342621168837, 0, 177.2848534569327, 0, 291.4334724321573, 132.885031300553, 0, 0, 1]
distortion_model: plumb_bob
distortion_coefficients:
  rows: 1
  cols: 5
  data: [-0.4504937805619132, 0.1758271597865869, 0.007504809134954554, 0.0003985879245692422, 0]
rectification_matrix:
  rows: 3
  cols: 3
  data: [0.9995285669786014, 0.02182701121157931, 0.02159225266786653, -0.02172818568482204, 0.9997523875467248, -0.004800993800184356, -0.02169169750271505, 0.004329569977850419, 0.9997553326105632]
projection_matrix:
  rows: 3
  cols: 4
  data: [267.3865652095016, 0, 174.4202194213867, 0, 0, 267.3865652095016, 137.1403217315674, 0, 0, 0, 1, 0]